{"distances": [[0.0, 2.3576040682790156, 26.445355120008635, 22.942614236568502, 25.43464508059647, 22.933351768910462, 22.942614236568502, 25.43464508059647, 22.933351768910462, 22.31551351713609, 16.809016500823596, 5.1092194906996085, 3.3635364103880807, 3.0960111012563702, 3.8237040651354954, 2.3576040682790156, 26.445355120008635, 22.942614236568502, 25.43464508059647, 22.933351768910462, 22.942614236568502, 25.43464508059647, 22.933351768910462, 22.31551351713609, 16.809016500823596, 5.1092194906996085, 3.3635364103880807, 3.0960111012563702, 3.8237040651354954, 2.3576040682790156, 26.445355120008635, 22.942614236568502, 25.43464508059647, 22.933351768910462, 22.942614236568502, 25.43464508059647, 22.933351768910462, 22.31551351713609, 16.809016500823596, 5.1092194906996085, 3.3635364103880807, 3.0960111012563702, 3.8237040651354954, 2.3576040682790156, 26.445355120008635, 22.942614236568502, 25.43464508059647, 22.933351768910462, 22.942614236568502, 25.43464508059647, 22.933351768910462, 22.31551351713609, 16.809016500823596, 5.1092194906996085, 3.3635364103880807, 3.0960111012563702, 3.8237040651354954], [2.3576040682790156, 0.0, 27.666817651857727, 24.422225398254888, 26.84597046198481, 20.726523657299456, 24.422225398254888, 26.84597046198481, 20.726523657299456, 20.030915334640422, 18.09641375215854, 2.8704388931554834, 1.7726751945046917, 0.9360607700254698, 2.174619296926079, 0.0, 27.666817651857727, 24.422225398254888, 26.84597046198481, 20.726523657299456, 24.422225398254888, 26.84597046198481, 20.726523657299456, 20.030915334640422, 18.09641375215854, 2.8704388931554834, 1.7726751945046917, 0.9360607700254698, 2.174619296926079, 0.0, 27.666817651857727, 24.422225398254888, 26.84597046198481, 20.726523657299456, 24.422225398254888, 26.84597046198481, 20.726523657299456, 20.030915334640422, 18.09641375215854, 2.8704388931554834, 1.7726751945046917, 0.9360607700254698, 2.174619296926079, 0.0, 27.666817651857727, 24.422225398254888, 26.84597046198481, 20.726523657299456, 24.422225398254888, 26.84597046198481, 20.726523657299456, 20.030915334640422, 18.09641375215854, 2.8704388931554834, 1.7726751945046917, 0.9360607700254698, 2.174619296926079], [26.445355120008635, 27.666817651857727, 0.0, 4.7801165302196855, 2.739980902095964, 37.75700089837178, 4.7801165302196855, 2.739980902095964, 37.75700089837178, 38.89824569665574, 9.64026012743818, 30.137423621065302, 26.600293649413917, 27.501408112535845, 26.589129341923726, 27.666817651857727, 0.0, 4.7801165302196855, 2.739980902095964, 37.75700089837178, 4.7801165302196855, 2.739980902095964, 37.75700089837178, 38.89824569665574, 9.64026012743818, 30.137423621065302, 26.600293649413917, 27.501408112535845, 26.589129341923726, 27.666817651857727, 0.0, 4.7801165302196855, 2.739980902095964, 37.75700089837178, 4.7801165302196855, 2.739980902095964, 37.75700089837178, 38.89824569665574, 9.64026012743818, 30.137423621065302, 26.600293649413917, 27.501408112535845, 26.589129341923726, 27.666817651857727, 0.0, 4.7801165302196855, 2.739980902095964, 37.75700089837178, 4.7801165302196855, 2.739980902095964, 37.75700089837178, 38.89824569665574, 9.64026012743818, 30.137423621065302, 26.600293649413917, 27.501408112535845, 26.589129341923726], [22.942614236568502, 24.422225398254888, 4.7801165302196855, 0.0, 2.623224749435972, 36.89590327344147, 0.0, 2.623224749435972, 36.89590327344147, 37.76079434051444, 6.563973276798779, 27.063366532615873, 23.56584287125176, 24.384779472109283, 23.623565088510354, 24.422225398254888, 4.7801165302196855, 0.0, 2.623224749435972, 36.89590327344147, 0.0, 2.623224749435972, 36.89590327344147, 37.76079434051444, 6.563973276798779, 27.063366532615873, 23.56584287125176, 24.384779472109283, 23.623565088510354, 24.422225398254888, 4.7801165302196855, 0.0, 2.623224749435972, 36.89590327344147, 0.0, 2.623224749435972, 36.89590327344147, 37.76079434051444, 6.563973276798779, 27.063366532615873, 23.56584287125176, 24.384779472109283, 23.623565088510354, 24.422225398254888, 4.7801165302196855, 0.0, 2.623224749435972, 36.89590327344147, 0.0, 2.623224749435972, 36.89590327344147, 37.76079434051444, 6.563973276798779, 27.063366532615873, 23.56584287125176, 24.384779472109283, 23.623565088510354], [25.43464508059647, 26.84597046198481, 2.739980902095964, 2.623224749435972, 0.0, 38.43722178988979, 2.623224749435972, 0.0, 38.43722178988979, 39.42570032571012, 8.8035663220967, 29.44091902409487, 25.92395480262886, 26.770260025968877, 25.95981103839715, 26.84597046198481, 2.739980902095964, 2.623224749435972, 0.0, 38.43722178988979, 2.623224749435972, 0.0, 38.43722178988979, 39.42570032571012, 8.8035663220967, 29.44091902409487, 25.92395480262886, 26.770260025968877, 25.95981103839715, 26.84597046198481, 2.739980902095964, 2.623224749435972, 0.0, 38.43722178988979, 2.623224749435972, 0.0, 38.43722178988979, 39.42570032571012, 8.8035663220967, 29.44091902409487, 25.92395480262886, 26.770260025968877, 25.95981103839715, 26.84597046198481, 2.739980902095964, 2.623224749435972, 0.0, 38.43722178988979, 2.623224749435972, 0.0, 38.43722178988979, 39.42570032571012, 8.8035663220967, 29.44091902409487, 25.92395480262886, 26.770260025968877, 25.95981103839715], [22.933351768910462, 20.726523657299456, 37.75700089837178, 36.89590327344147, 38.43722178988979, 0.0, 36.89590327344147, 38.43722178988979, 0.0, 2.4514867735130896, 30.75218868946922, 18.858645070253885, 19.635725871280897, 19.866456569149914, 19.201343313179436, 20.726523657299456, 37.75700089837178, 36.89590327344147, 38.43722178988979, 0.0, 36.89590327344147, 38.43722178988979, 0.0, 2.4514867735130896, 30.75218868946922, 18.858645070253885, 19.635725871280897, 19.866456569149914, 19.201343313179436, 20.726523657299456, 37.75700089837178, 36.89590327344147, 38.43722178988979, 0.0, 36.89590327344147, 38.43722178988979, 0.0, 2.4514867735130896, 30.75218868946922, 18.858645070253885, 19.635725871280897, 19.866456569149914, 19.201343313179436, 20.726523657299456, 37.75700089837178, 36.89590327344147, 38.43722178988979, 0.0, 36.89590327344147, 38.43722178988979, 0.0, 2.4514867735130896, 30.75218868946922, 18.858645070253885, 19.635725871280897, 19.866456569149914, 19.201343313179436], [22.942614236568502, 24.422225398254888, 4.7801165302196855, 0.0, 2.623224749435972, 36.89590327344147, 0.0, 2.623224749435972, 36.89590327344147, 37.76079434051444, 6.563973276798779, 27.063366532615873, 23.56584287125176, 24.384779472109283, 23.623565088510354, 24.422225398254888, 4.7801165302196855, 0.0, 2.623224749435972, 36.89590327344147, 0.0, 2.623224749435972, 36.89590327344147, 37.76079434051444, 6.563973276798779, 27.063366532615873, 23.56584287125176, 24.384779472109283, 23.623565088510354, 24.422225398254888, 4.7801165302196855, 0.0, 2.623224749435972, 36.89590327344147, 0.0, 2.623224749435972, 36.89590327344147, 37.76079434051444, 6.563973276798779, 27.063366532615873, 23.56584287125176, 24.384779472109283, 23.623565088510354, 24.422225398254888, 4.7801165302196855, 0.0, 2.623224749435972, 36.89590327344147, 0.0, 2.623224749435972, 36.89590327344147, 37.76079434051444, 6.563973276798779, 27.063366532615873, 23.56584287125176, 24.384779472109283, 23.623565088510354], [25.43464508059647, 26.84597046198481, 2.739980902095964, 2.623224749435972, 0.0, 38.43722178988979, 2.623224749435972, 0.0, 38.43722178988979, 39.42570032571012, 8.8035663220967, 29.44091902409487, 25.92395480262886, 26.770260025968877, 25.95981103839715, 26.84597046198481, 2.739980902095964, 2.623224749435972, 0.0, 38.43722178988979, 2.623224749435972, 0.0, 38.43722178988979, 39.42570032571012, 8.8035663220967, 29.44091902409487, 25.92395480262886, 26.770260025968877, 25.95981103839715, 26.84597046198481, 2.739980902095964, 2.623224749435972, 0.0, 38.43722178988979, 2.623224749435972, 0.0, 38.43722178988979, 39.42570032571012, 8.8035663220967, 29.44091902409487, 25.92395480262886, 26.770260025968877, 25.95981103839715, 26.84597046198481, 2.739980902095964, 2.623224749435972, 0.0, 38.43722178988979, 2.623224749435972, 0.0, 38.43722178988979, 39.42570032571012, 8.8035663220967, 29.44091902409487, 25.92395480262886, 26.770260025968877, 25.95981103839715], [22.933351768910462, 20.726523657299456, 37.75700089837178, 36.89590327344147, 38.43722178988979, 0.0, 36.89590327344147, 38.43722178988979, 0.0, 2.4514867735130896, 30.75218868946922, 18.858645070253885, 19.635725871280897, 19.866456569149914, 19.201343313179436, 20.726523657299456, 37.75700089837178, 36.89590327344147, 38.43722178988979, 0.0, 36.89590327344147, 38.43722178988979, 0.0, 2.4514867735130896, 30.75218868946922, 18.858645070253885, 19.635725871280897, 19.866456569149914, 19.201343313179436, 20.726523657299456, 37.75700089837178, 36.89590327344147, 38.43722178988979, 0.0, 36.89590327344147, 38.43722178988979, 0.0, 2.4514867735130896, 30.75218868946922, 18.858645070253885, 19.635725871280897, 19.866456569149914, 19.201343313179436, 20.726523657299456, 37.75700089837178, 36.89590327344147, 38.43722178988979, 0.0, 36.89590327344147, 38.43722178988979, 0.0, 2.4514867735130896, 30.75218868946922, 18.858645070253885, 19.635725871280897, 19.866456569149914, 19.201343313179436], [22.31551351713609, 20.030915334640422, 38.89824569665574, 37.76079434051444, 39.42570032571012, 2.4514867735130896, 37.76079434051444, 39.42570032571012, 2.4514867735130896, 0.0, 31.47410845045531, 17.916625222677776, 19.11462261874863, 19.220434194525424, 18.70411721419565, 20.030915334640422, 38.89824569665574, 37.76079434051444, 39.42570032571012, 2.4514867735130896, 37.76079434051444, 39.42570032571012, 2.4514867735130896, 0.0, 31.47410845045531, 17.916625222677776, 19.11462261874863, 19.220434194525424, 18.70411721419565, 20.030915334640422, 38.89824569665574, 37.76079434051444, 39.42570032571012, 2.4514867735130896, 37.76079434051444, 39.42570032571012, 2.4514867735130896, 0.0, 31.47410845045531, 17.916625222677776, 19.11462261874863, 19.220434194525424, 18.70411721419565, 20.030915334640422, 38.89824569665574, 37.76079434051444, 39.42570032571012, 2.4514867735130896, 37.76079434051444, 39.42570032571012, 2.4514867735130896, 0.0, 31.47410845045531, 17.916625222677776, 19.11462261874863, 19.220434194525424, 18.70411721419565], [16.809016500823596, 18.09641375215854, 9.64026012743818, 6.563973276798779, 8.8035663220967, 30.75218868946922, 6.563973276798779, 8.8035663220967, 30.75218868946922, 31.47410845045531, 0.0, 20.651369701374662, 17.12787048940103, 17.9873206039314, 17.157879183626765, 18.09641375215854, 9.64026012743818, 6.563973276798779, 8.8035663220967, 30.75218868946922, 6.563973276798779, 8.8035663220967, 30.75218868946922, 31.47410845045531, 0.0, 20.651369701374662, 17.12787048940103, 17.9873206039314, 17.157879183626765, 18.09641375215854, 9.64026012743818, 6.563973276798779, 8.8035663220967, 30.75218868946922, 6.563973276798779, 8.8035663220967, 30.75218868946922, 31.47410845045531, 0.0, 20.651369701374662, 17.12787048940103, 17.9873206039314, 17.157879183626765, 18.09641375215854, 9.64026012743818, 6.563973276798779, 8.8035663220967, 30.75218868946922, 6.563973276798779, 8.8035663220967, 30.75218868946922, 31.47410845045531, 0.0, 20.651369701374662, 17.12787048940103, 17.9873206039314, 17.157879183626765], [5.1092194906996085, 2.8704388931554834, 30.137423621065302, 27.063366532615873, 29.44091902409487, 18.858645070253885, 27.063366532615873, 29.44091902409487, 18.858645070253885, 17.916625222677776, 20.651369701374662, 0.0, 3.537415319507321, 2.682178997814013, 3.588993813275018, 2.8704388931554834, 30.137423621065302, 27.063366532615873, 29.44091902409487, 18.858645070253885, 27.063366532615873, 29.44091902409487, 18.858645070253885, 17.916625222677776, 20.651369701374662, 0.0, 3.537415319507321, 2.682178997814013, 3.588993813275018, 2.8704388931554834, 30.137423621065302, 27.063366532615873, 29.44091902409487, 18.858645070253885, 27.063366532615873, 29.44091902409487, 18.858645070253885, 17.916625222677776, 20.651369701374662, 0.0, 3.537415319507321, 2.682178997814013, 3.588993813275018, 2.8704388931554834, 30.137423621065302, 27.063366532615873, 29.44091902409487, 18.858645070253885, 27.063366532615873, 29.44091902409487, 18.858645070253885, 17.916625222677776, 20.651369701374662, 0.0, 3.537415319507321, 2.682178997814013, 3.588993813275018], [3.3635364103880807, 1.7726751945046917, 26.600293649413917, 23.56584287125176, 25.92395480262886, 19.635725871280897, 23.56584287125176, 25.92395480262886, 19.635725871280897, 19.11462261874863, 17.12787048940103, 3.537415319507321, 0.0, 1.0346490203202297, 0.4642845398528003, 1.7726751945046917, 26.600293649413917, 23.56584287125176, 25.92395480262886, 19.635725871280897, 23.56584287125176, 25.92395480262886, 19.635725871280897, 19.11462261874863, 17.12787048940103, 3.537415319507321, 0.0, 1.0346490203202297, 0.4642845398528003, 1.7726751945046917, 26.600293649413917, 23.56584287125176, 25.92395480262886, 19.635725871280897, 23.56584287125176, 25.92395480262886, 19.635725871280897, 19.11462261874863, 17.12787048940103, 3.537415319507321, 0.0, 1.0346490203202297, 0.4642845398528003, 1.7726751945046917, 26.600293649413917, 23.56584287125176, 25.92395480262886, 19.635725871280897, 23.56584287125176, 25.92395480262886, 19.635725871280897, 19.11462261874863, 17.12787048940103, 3.537415319507321, 0.0, 1.0346490203202297, 0.4642845398528003], [3.0960111012563702, 0.9360607700254698, 27.501408112535845, 24.384779472109283, 26.770260025968877, 19.866456569149914, 24.384779472109283, 26.770260025968877, 19.866456569149914, 19.220434194525424, 17.9873206039314, 2.682178997814013, 1.0346490203202297, 0.0, 1.3390608850386057, 0.9360607700254698, 27.501408112535845, 24.384779472109283, 26.770260025968877, 19.866456569149914, 24.384779472109283, 26.770260025968877, 19.866456569149914, 19.220434194525424, 17.9873206039314, 2.682178997814013, 1.0346490203202297, 0.0, 1.3390608850386057, 0.9360607700254698, 27.501408112535845, 24.384779472109283, 26.770260025968877, 19.866456569149914, 24.384779472109283, 26.770260025968877, 19.866456569149914, 19.220434194525424, 17.9873206039314, 2.682178997814013, 1.0346490203202297, 0.0, 1.3390608850386057, 0.9360607700254698, 27.501408112535845, 24.384779472109283, 26.770260025968877, 19.866456569149914, 24.384779472109283, 26.770260025968877, 19.866456569149914, 19.220434194525424, 17.9873206039314, 2.682178997814013, 1.0346490203202297, 0.0, 1.3390608850386057], [3.8237040651354954, 2.174619296926079, 26.589129341923726, 23.623565088510354, 25.95981103839715, 19.201343313179436, 23.623565088510354, 25.95981103839715, 19.201343313179436, 18.70411721419565, 17.157879183626765, 3.588993813275018, 0.4642845398528003, 1.3390608850386057, 0.0, 2.174619296926079, 26.589129341923726, 23.623565088510354, 25.95981103839715, 19.201343313179436, 23.623565088510354, 25.95981103839715, 19.201343313179436, 18.70411721419565, 17.157879183626765, 3.588993813275018, 0.4642845398528003, 1.3390608850386057, 0.0, 2.174619296926079, 26.589129341923726, 23.623565088510354, 25.95981103839715, 19.201343313179436, 23.623565088510354, 25.95981103839715, 19.201343313179436, 18.70411721419565, 17.157879183626765, 3.588993813275018, 0.4642845398528003, 1.3390608850386057, 0.0, 2.174619296926079, 26.589129341923726, 23.623565088510354, 25.95981103839715, 19.201343313179436, 23.623565088510354, 25.95981103839715, 19.201343313179436, 18.70411721419565, 17.157879183626765, 3.588993813275018, 0.4642845398528003, 1.3390608850386057, 0.0], [2.3576040682790156, 0.0, 27.666817651857727, 24.422225398254888, 26.84597046198481, 20.726523657299456, 24.422225398254888, 26.84597046198481, 20.726523657299456, 20.030915334640422, 18.09641375215854, 2.8704388931554834, 1.7726751945046917, 0.9360607700254698, 2.174619296926079, 0.0, 27.666817651857727, 24.422225398254888, 26.84597046198481, 20.726523657299456, 24.422225398254888, 26.84597046198481, 20.726523657299456, 20.030915334640422, 18.09641375215854, 2.8704388931554834, 1.7726751945046917, 0.9360607700254698, 2.174619296926079, 0.0, 27.666817651857727, 24.422225398254888, 26.84597046198481, 20.726523657299456, 24.422225398254888, 26.84597046198481, 20.726523657299456, 20.030915334640422, 18.09641375215854, 2.8704388931554834, 1.7726751945046917, 0.9360607700254698, 2.174619296926079, 0.0, 27.666817651857727, 24.422225398254888, 26.84597046198481, 20.726523657299456, 24.422225398254888, 26.84597046198481, 20.726523657299456, 20.030915334640422, 18.09641375215854, 2.8704388931554834, 1.7726751945046917, 0.9360607700254698, 2.174619296926079], [26.445355120008635, 27.666817651857727, 0.0, 4.7801165302196855, 2.739980902095964, 37.75700089837178, 4.7801165302196855, 2.739980902095964, 37.75700089837178, 38.89824569665574, 9.64026012743818, 30.137423621065302, 26.600293649413917, 27.501408112535845, 26.589129341923726, 27.666817651857727, 0.0, 4.7801165302196855, 2.739980902095964, 37.75700089837178, 4.7801165302196855, 2.739980902095964, 37.75700089837178, 38.89824569665574, 9.64026012743818, 30.137423621065302, 26.600293649413917, 27.501408112535845, 26.589129341923726, 27.666817651857727, 0.0, 4.7801165302196855, 2.739980902095964, 37.75700089837178, 4.7801165302196855, 2.739980902095964, 37.75700089837178, 38.89824569665574, 9.64026012743818, 30.137423621065302, 26.600293649413917, 27.501408112535845, 26.589129341923726, 27.666817651857727, 0.0, 4.7801165302196855, 2.739980902095964, 37.75700089837178, 4.7801165302196855, 2.739980902095964, 37.75700089837178, 38.89824569665574, 9.64026012743818, 30.137423621065302, 26.600293649413917, 27.501408112535845, 26.589129341923726], [22.942614236568502, 24.422225398254888, 4.7801165302196855, 0.0, 2.623224749435972, 36.89590327344147, 0.0, 2.623224749435972, 36.89590327344147, 37.76079434051444, 6.563973276798779, 27.063366532615873, 23.56584287125176, 24.384779472109283, 23.623565088510354, 24.422225398254888, 4.7801165302196855, 0.0, 2.623224749435972, 36.89590327344147, 0.0, 2.623224749435972, 36.89590327344147, 37.76079434051444, 6.563973276798779, 27.063366532615873, 23.56584287125176, 24.384779472109283, 23.623565088510354, 24.422225398254888, 4.7801165302196855, 0.0, 2.623224749435972, 36.89590327344147, 0.0, 2.623224749435972, 36.89590327344147, 37.76079434051444, 6.563973276798779, 27.063366532615873, 23.56584287125176, 24.384779472109283, 23.623565088510354, 24.422225398254888, 4.7801165302196855, 0.0, 2.623224749435972, 36.89590327344147, 0.0, 2.623224749435972, 36.89590327344147, 37.76079434051444, 6.563973276798779, 27.063366532615873, 23.56584287125176, 24.384779472109283, 23.623565088510354], [25.43464508059647, 26.84597046198481, 2.739980902095964, 2.623224749435972, 0.0, 38.43722178988979, 2.623224749435972, 0.0, 38.43722178988979, 39.42570032571012, 8.8035663220967, 29.44091902409487, 25.92395480262886, 26.770260025968877, 25.95981103839715, 26.84597046198481, 2.739980902095964, 2.623224749435972, 0.0, 38.43722178988979, 2.623224749435972, 0.0, 38.43722178988979, 39.42570032571012, 8.8035663220967, 29.44091902409487, 25.92395480262886, 26.770260025968877, 25.95981103839715, 26.84597046198481, 2.739980902095964, 2.623224749435972, 0.0, 38.43722178988979, 2.623224749435972, 0.0, 38.43722178988979, 39.42570032571012, 8.8035663220967, 29.44091902409487, 25.92395480262886, 26.770260025968877, 25.95981103839715, 26.84597046198481, 2.739980902095964, 2.623224749435972, 0.0, 38.43722178988979, 2.623224749435972, 0.0, 38.43722178988979, 39.42570032571012, 8.8035663220967, 29.44091902409487, 25.92395480262886, 26.770260025968877, 25.95981103839715], [22.933351768910462, 20.726523657299456, 37.75700089837178, 36.89590327344147, 38.43722178988979, 0.0, 36.89590327344147, 38.43722178988979, 0.0, 2.4514867735130896, 30.75218868946922, 18.858645070253885, 19.635725871280897, 19.866456569149914, 19.201343313179436, 20.726523657299456, 37.75700089837178, 36.89590327344147, 38.43722178988979, 0.0, 36.89590327344147, 38.43722178988979, 0.0, 2.4514867735130896, 30.75218868946922, 18.858645070253885, 19.635725871280897, 19.866456569149914, 19.201343313179436, 20.726523657299456, 37.75700089837178, 36.89590327344147, 38.43722178988979, 0.0, 36.89590327344147, 38.43722178988979, 0.0, 2.4514867735130896, 30.75218868946922, 18.858645070253885, 19.635725871280897, 19.866456569149914, 19.201343313179436, 20.726523657299456, 37.75700089837178, 36.89590327344147, 38.43722178988979, 0.0, 36.89590327344147, 38.43722178988979, 0.0, 2.4514867735130896, 30.75218868946922, 18.858645070253885, 19.635725871280897, 19.866456569149914, 19.201343313179436], [22.942614236568502, 24.422225398254888, 4.7801165302196855, 0.0, 2.623224749435972, 36.89590327344147, 0.0, 2.623224749435972, 36.89590327344147, 37.76079434051444, 6.563973276798779, 27.063366532615873, 23.56584287125176, 24.384779472109283, 23.623565088510354, 24.422225398254888, 4.7801165302196855, 0.0, 2.623224749435972, 36.89590327344147, 0.0, 2.623224749435972, 36.89590327344147, 37.76079434051444, 6.563973276798779, 27.063366532615873, 23.56584287125176, 24.384779472109283, 23.623565088510354, 24.422225398254888, 4.7801165302196855, 0.0, 2.623224749435972, 36.89590327344147, 0.0, 2.623224749435972, 36.89590327344147, 37.76079434051444, 6.563973276798779, 27.063366532615873, 23.56584287125176, 24.384779472109283, 23.623565088510354, 24.422225398254888, 4.7801165302196855, 0.0, 2.623224749435972, 36.89590327344147, 0.0, 2.623224749435972, 36.89590327344147, 37.76079434051444, 6.563973276798779, 27.063366532615873, 23.56584287125176, 24.384779472109283, 23.623565088510354], [25.43464508059647, 26.84597046198481, 2.739980902095964, 2.623224749435972, 0.0, 38.43722178988979, 2.623224749435972, 0.0, 38.43722178988979, 39.42570032571012, 8.8035663220967, 29.44091902409487, 25.92395480262886, 26.770260025968877, 25.95981103839715, 26.84597046198481, 2.739980902095964, 2.623224749435972, 0.0, 38.43722178988979, 2.623224749435972, 0.0, 38.43722178988979, 39.42570032571012, 8.8035663220967, 29.44091902409487, 25.92395480262886, 26.770260025968877, 25.95981103839715, 26.84597046198481, 2.739980902095964, 2.623224749435972, 0.0, 38.43722178988979, 2.623224749435972, 0.0, 38.43722178988979, 39.42570032571012, 8.8035663220967, 29.44091902409487, 25.92395480262886, 26.770260025968877, 25.95981103839715, 26.84597046198481, 2.739980902095964, 2.623224749435972, 0.0, 38.43722178988979, 2.623224749435972, 0.0, 38.43722178988979, 39.42570032571012, 8.8035663220967, 29.44091902409487, 25.92395480262886, 26.770260025968877, 25.95981103839715], [22.933351768910462, 20.726523657299456, 37.75700089837178, 36.89590327344147, 38.43722178988979, 0.0, 36.89590327344147, 38.43722178988979, 0.0, 2.4514867735130896, 30.75218868946922, 18.858645070253885, 19.635725871280897, 19.866456569149914, 19.201343313179436, 20.726523657299456, 37.75700089837178, 36.89590327344147, 38.43722178988979, 0.0, 36.89590327344147, 38.43722178988979, 0.0, 2.4514867735130896, 30.75218868946922, 18.858645070253885, 19.635725871280897, 19.866456569149914, 19.201343313179436, 20.726523657299456, 37.75700089837178, 36.89590327344147, 38.43722178988979, 0.0, 36.89590327344147, 38.43722178988979, 0.0, 2.4514867735130896, 30.75218868946922, 18.858645070253885, 19.635725871280897, 19.866456569149914, 19.201343313179436, 20.726523657299456, 37.75700089837178, 36.89590327344147, 38.43722178988979, 0.0, 36.89590327344147, 38.43722178988979, 0.0, 2.4514867735130896, 30.75218868946922, 18.858645070253885, 19.635725871280897, 19.866456569149914, 19.201343313179436], [22.31551351713609, 20.030915334640422, 38.89824569665574, 37.76079434051444, 39.42570032571012, 2.4514867735130896, 37.76079434051444, 39.42570032571012, 2.4514867735130896, 0.0, 31.47410845045531, 17.916625222677776, 19.11462261874863, 19.220434194525424, 18.70411721419565, 20.030915334640422, 38.89824569665574, 37.76079434051444, 39.42570032571012, 2.4514867735130896, 37.76079434051444, 39.42570032571012, 2.4514867735130896, 0.0, 31.47410845045531, 17.916625222677776, 19.11462261874863, 19.220434194525424, 18.70411721419565, 20.030915334640422, 38.89824569665574, 37.76079434051444, 39.42570032571012, 2.4514867735130896, 37.76079434051444, 39.42570032571012, 2.4514867735130896, 0.0, 31.47410845045531, 17.916625222677776, 19.11462261874863, 19.220434194525424, 18.70411721419565, 20.030915334640422, 38.89824569665574, 37.76079434051444, 39.42570032571012, 2.4514867735130896, 37.76079434051444, 39.42570032571012, 2.4514867735130896, 0.0, 31.47410845045531, 17.916625222677776, 19.11462261874863, 19.220434194525424, 18.70411721419565], [16.809016500823596, 18.09641375215854, 9.64026012743818, 6.563973276798779, 8.8035663220967, 30.75218868946922, 6.563973276798779, 8.8035663220967, 30.75218868946922, 31.47410845045531, 0.0, 20.651369701374662, 17.12787048940103, 17.9873206039314, 17.157879183626765, 18.09641375215854, 9.64026012743818, 6.563973276798779, 8.8035663220967, 30.75218868946922, 6.563973276798779, 8.8035663220967, 30.75218868946922, 31.47410845045531, 0.0, 20.651369701374662, 17.12787048940103, 17.9873206039314, 17.157879183626765, 18.09641375215854, 9.64026012743818, 6.563973276798779, 8.8035663220967, 30.75218868946922, 6.563973276798779, 8.8035663220967, 30.75218868946922, 31.47410845045531, 0.0, 20.651369701374662, 17.12787048940103, 17.9873206039314, 17.157879183626765, 18.09641375215854, 9.64026012743818, 6.563973276798779, 8.8035663220967, 30.75218868946922, 6.563973276798779, 8.8035663220967, 30.75218868946922, 31.47410845045531, 0.0, 20.651369701374662, 17.12787048940103, 17.9873206039314, 17.157879183626765], [5.1092194906996085, 2.8704388931554834, 30.137423621065302, 27.063366532615873, 29.44091902409487, 18.858645070253885, 27.063366532615873, 29.44091902409487, 18.858645070253885, 17.916625222677776, 20.651369701374662, 0.0, 3.537415319507321, 2.682178997814013, 3.588993813275018, 2.8704388931554834, 30.137423621065302, 27.063366532615873, 29.44091902409487, 18.858645070253885, 27.063366532615873, 29.44091902409487, 18.858645070253885, 17.916625222677776, 20.651369701374662, 0.0, 3.537415319507321, 2.682178997814013, 3.588993813275018, 2.8704388931554834, 30.137423621065302, 27.063366532615873, 29.44091902409487, 18.858645070253885, 27.063366532615873, 29.44091902409487, 18.858645070253885, 17.916625222677776, 20.651369701374662, 0.0, 3.537415319507321, 2.682178997814013, 3.588993813275018, 2.8704388931554834, 30.137423621065302, 27.063366532615873, 29.44091902409487, 18.858645070253885, 27.063366532615873, 29.44091902409487, 18.858645070253885, 17.916625222677776, 20.651369701374662, 0.0, 3.537415319507321, 2.682178997814013, 3.588993813275018], [3.3635364103880807, 1.7726751945046917, 26.600293649413917, 23.56584287125176, 25.92395480262886, 19.635725871280897, 23.56584287125176, 25.92395480262886, 19.635725871280897, 19.11462261874863, 17.12787048940103, 3.537415319507321, 0.0, 1.0346490203202297, 0.4642845398528003, 1.7726751945046917, 26.600293649413917, 23.56584287125176, 25.92395480262886, 19.635725871280897, 23.56584287125176, 25.92395480262886, 19.635725871280897, 19.11462261874863, 17.12787048940103, 3.537415319507321, 0.0, 1.0346490203202297, 0.4642845398528003, 1.7726751945046917, 26.600293649413917, 23.56584287125176, 25.92395480262886, 19.635725871280897, 23.56584287125176, 25.92395480262886, 19.635725871280897, 19.11462261874863, 17.12787048940103, 3.537415319507321, 0.0, 1.0346490203202297, 0.4642845398528003, 1.7726751945046917, 26.600293649413917, 23.56584287125176, 25.92395480262886, 19.635725871280897, 23.56584287125176, 25.92395480262886, 19.635725871280897, 19.11462261874863, 17.12787048940103, 3.537415319507321, 0.0, 1.0346490203202297, 0.4642845398528003], [3.0960111012563702, 0.9360607700254698, 27.501408112535845, 24.384779472109283, 26.770260025968877, 19.866456569149914, 24.384779472109283, 26.770260025968877, 19.866456569149914, 19.220434194525424, 17.9873206039314, 2.682178997814013, 1.0346490203202297, 0.0, 1.3390608850386057, 0.9360607700254698, 27.501408112535845, 24.384779472109283, 26.770260025968877, 19.866456569149914, 24.384779472109283, 26.770260025968877, 19.866456569149914, 19.220434194525424, 17.9873206039314, 2.682178997814013, 1.0346490203202297, 0.0, 1.3390608850386057, 0.9360607700254698, 27.501408112535845, 24.384779472109283, 26.770260025968877, 19.866456569149914, 24.384779472109283, 26.770260025968877, 19.866456569149914, 19.220434194525424, 17.9873206039314, 2.682178997814013, 1.0346490203202297, 0.0, 1.3390608850386057, 0.9360607700254698, 27.501408112535845, 24.384779472109283, 26.770260025968877, 19.866456569149914, 24.384779472109283, 26.770260025968877, 19.866456569149914, 19.220434194525424, 17.9873206039314, 2.682178997814013, 1.0346490203202297, 0.0, 1.3390608850386057], [3.8237040651354954, 2.174619296926079, 26.589129341923726, 23.623565088510354, 25.95981103839715, 19.201343313179436, 23.623565088510354, 25.95981103839715, 19.201343313179436, 18.70411721419565, 17.157879183626765, 3.588993813275018, 0.4642845398528003, 1.3390608850386057, 0.0, 2.174619296926079, 26.589129341923726, 23.623565088510354, 25.95981103839715, 19.201343313179436, 23.623565088510354, 25.95981103839715, 19.201343313179436, 18.70411721419565, 17.157879183626765, 3.588993813275018, 0.4642845398528003, 1.3390608850386057, 0.0, 2.174619296926079, 26.589129341923726, 23.623565088510354, 25.95981103839715, 19.201343313179436, 23.623565088510354, 25.95981103839715, 19.201343313179436, 18.70411721419565, 17.157879183626765, 3.588993813275018, 0.4642845398528003, 1.3390608850386057, 0.0, 2.174619296926079, 26.589129341923726, 23.623565088510354, 25.95981103839715, 19.201343313179436, 23.623565088510354, 25.95981103839715, 19.201343313179436, 18.70411721419565, 17.157879183626765, 3.588993813275018, 0.4642845398528003, 1.3390608850386057, 0.0], [2.3576040682790156, 0.0, 27.666817651857727, 24.422225398254888, 26.84597046198481, 20.726523657299456, 24.422225398254888, 26.84597046198481, 20.726523657299456, 20.030915334640422, 18.09641375215854, 2.8704388931554834, 1.7726751945046917, 0.9360607700254698, 2.174619296926079, 0.0, 27.666817651857727, 24.422225398254888, 26.84597046198481, 20.726523657299456, 24.422225398254888, 26.84597046198481, 20.726523657299456, 20.030915334640422, 18.09641375215854, 2.8704388931554834, 1.7726751945046917, 0.9360607700254698, 2.174619296926079, 0.0, 27.666817651857727, 24.422225398254888, 26.84597046198481, 20.726523657299456, 24.422225398254888, 26.84597046198481, 20.726523657299456, 20.030915334640422, 18.09641375215854, 2.8704388931554834, 1.7726751945046917, 0.9360607700254698, 2.174619296926079, 0.0, 27.666817651857727, 24.422225398254888, 26.84597046198481, 20.726523657299456, 24.422225398254888, 26.84597046198481, 20.726523657299456, 20.030915334640422, 18.09641375215854, 2.8704388931554834, 1.7726751945046917, 0.9360607700254698, 2.174619296926079], [26.445355120008635, 27.666817651857727, 0.0, 4.7801165302196855, 2.739980902095964, 37.75700089837178, 4.7801165302196855, 2.739980902095964, 37.75700089837178, 38.89824569665574, 9.64026012743818, 30.137423621065302, 26.600293649413917, 27.501408112535845, 26.589129341923726, 27.666817651857727, 0.0, 4.7801165302196855, 2.739980902095964, 37.75700089837178, 4.7801165302196855, 2.739980902095964, 37.75700089837178, 38.89824569665574, 9.64026012743818, 30.137423621065302, 26.600293649413917, 27.501408112535845, 26.589129341923726, 27.666817651857727, 0.0, 4.7801165302196855, 2.739980902095964, 37.75700089837178, 4.7801165302196855, 2.739980902095964, 37.75700089837178, 38.89824569665574, 9.64026012743818, 30.137423621065302, 26.600293649413917, 27.501408112535845, 26.589129341923726, 27.666817651857727, 0.0, 4.7801165302196855, 2.739980902095964, 37.75700089837178, 4.7801165302196855, 2.739980902095964, 37.75700089837178, 38.89824569665574, 9.64026012743818, 30.137423621065302, 26.600293649413917, 27.501408112535845, 26.589129341923726], [22.942614236568502, 24.422225398254888, 4.7801165302196855, 0.0, 2.623224749435972, 36.89590327344147, 0.0, 2.623224749435972, 36.89590327344147, 37.76079434051444, 6.563973276798779, 27.063366532615873, 23.56584287125176, 24.384779472109283, 23.623565088510354, 24.422225398254888, 4.7801165302196855, 0.0, 2.623224749435972, 36.89590327344147, 0.0, 2.623224749435972, 36.89590327344147, 37.76079434051444, 6.563973276798779, 27.063366532615873, 23.56584287125176, 24.384779472109283, 23.623565088510354, 24.422225398254888, 4.7801165302196855, 0.0, 2.623224749435972, 36.89590327344147, 0.0, 2.623224749435972, 36.89590327344147, 37.76079434051444, 6.563973276798779, 27.063366532615873, 23.56584287125176, 24.384779472109283, 23.623565088510354, 24.422225398254888, 4.7801165302196855, 0.0, 2.623224749435972, 36.89590327344147, 0.0, 2.623224749435972, 36.89590327344147, 37.76079434051444, 6.563973276798779, 27.063366532615873, 23.56584287125176, 24.384779472109283, 23.623565088510354], [25.43464508059647, 26.84597046198481, 2.739980902095964, 2.623224749435972, 0.0, 38.43722178988979, 2.623224749435972, 0.0, 38.43722178988979, 39.42570032571012, 8.8035663220967, 29.44091902409487, 25.92395480262886, 26.770260025968877, 25.95981103839715, 26.84597046198481, 2.739980902095964, 2.623224749435972, 0.0, 38.43722178988979, 2.623224749435972, 0.0, 38.43722178988979, 39.42570032571012, 8.8035663220967, 29.44091902409487, 25.92395480262886, 26.770260025968877, 25.95981103839715, 26.84597046198481, 2.739980902095964, 2.623224749435972, 0.0, 38.43722178988979, 2.623224749435972, 0.0, 38.43722178988979, 39.42570032571012, 8.8035663220967, 29.44091902409487, 25.92395480262886, 26.770260025968877, 25.95981103839715, 26.84597046198481, 2.739980902095964, 2.623224749435972, 0.0, 38.43722178988979, 2.623224749435972, 0.0, 38.43722178988979, 39.42570032571012, 8.8035663220967, 29.44091902409487, 25.92395480262886, 26.770260025968877, 25.95981103839715], [22.933351768910462, 20.726523657299456, 37.75700089837178, 36.89590327344147, 38.43722178988979, 0.0, 36.89590327344147, 38.43722178988979, 0.0, 2.4514867735130896, 30.75218868946922, 18.858645070253885, 19.635725871280897, 19.866456569149914, 19.201343313179436, 20.726523657299456, 37.75700089837178, 36.89590327344147, 38.43722178988979, 0.0, 36.89590327344147, 38.43722178988979, 0.0, 2.4514867735130896, 30.75218868946922, 18.858645070253885, 19.635725871280897, 19.866456569149914, 19.201343313179436, 20.726523657299456, 37.75700089837178, 36.89590327344147, 38.43722178988979, 0.0, 36.89590327344147, 38.43722178988979, 0.0, 2.4514867735130896, 30.75218868946922, 18.858645070253885, 19.635725871280897, 19.866456569149914, 19.201343313179436, 20.726523657299456, 37.75700089837178, 36.89590327344147, 38.43722178988979, 0.0, 36.89590327344147, 38.43722178988979, 0.0, 2.4514867735130896, 30.75218868946922, 18.858645070253885, 19.635725871280897, 19.866456569149914, 19.201343313179436], [22.942614236568502, 24.422225398254888, 4.7801165302196855, 0.0, 2.623224749435972, 36.89590327344147, 0.0, 2.623224749435972, 36.89590327344147, 37.76079434051444, 6.563973276798779, 27.063366532615873, 23.56584287125176, 24.384779472109283, 23.623565088510354, 24.422225398254888, 4.7801165302196855, 0.0, 2.623224749435972, 36.89590327344147, 0.0, 2.623224749435972, 36.89590327344147, 37.76079434051444, 6.563973276798779, 27.063366532615873, 23.56584287125176, 24.384779472109283, 23.623565088510354, 24.422225398254888, 4.7801165302196855, 0.0, 2.623224749435972, 36.89590327344147, 0.0, 2.623224749435972, 36.89590327344147, 37.76079434051444, 6.563973276798779, 27.063366532615873, 23.56584287125176, 24.384779472109283, 23.623565088510354, 24.422225398254888, 4.7801165302196855, 0.0, 2.623224749435972, 36.89590327344147, 0.0, 2.623224749435972, 36.89590327344147, 37.76079434051444, 6.563973276798779, 27.063366532615873, 23.56584287125176, 24.384779472109283, 23.623565088510354], [25.43464508059647, 26.84597046198481, 2.739980902095964, 2.623224749435972, 0.0, 38.43722178988979, 2.623224749435972, 0.0, 38.43722178988979, 39.42570032571012, 8.8035663220967, 29.44091902409487, 25.92395480262886, 26.770260025968877, 25.95981103839715, 26.84597046198481, 2.739980902095964, 2.623224749435972, 0.0, 38.43722178988979, 2.623224749435972, 0.0, 38.43722178988979, 39.42570032571012, 8.8035663220967, 29.44091902409487, 25.92395480262886, 26.770260025968877, 25.95981103839715, 26.84597046198481, 2.739980902095964, 2.623224749435972, 0.0, 38.43722178988979, 2.623224749435972, 0.0, 38.43722178988979, 39.42570032571012, 8.8035663220967, 29.44091902409487, 25.92395480262886, 26.770260025968877, 25.95981103839715, 26.84597046198481, 2.739980902095964, 2.623224749435972, 0.0, 38.43722178988979, 2.623224749435972, 0.0, 38.43722178988979, 39.42570032571012, 8.8035663220967, 29.44091902409487, 25.92395480262886, 26.770260025968877, 25.95981103839715], [22.933351768910462, 20.726523657299456, 37.75700089837178, 36.89590327344147, 38.43722178988979, 0.0, 36.89590327344147, 38.43722178988979, 0.0, 2.4514867735130896, 30.75218868946922, 18.858645070253885, 19.635725871280897, 19.866456569149914, 19.201343313179436, 20.726523657299456, 37.75700089837178, 36.89590327344147, 38.43722178988979, 0.0, 36.89590327344147, 38.43722178988979, 0.0, 2.4514867735130896, 30.75218868946922, 18.858645070253885, 19.635725871280897, 19.866456569149914, 19.201343313179436, 20.726523657299456, 37.75700089837178, 36.89590327344147, 38.43722178988979, 0.0, 36.89590327344147, 38.43722178988979, 0.0, 2.4514867735130896, 30.75218868946922, 18.858645070253885, 19.635725871280897, 19.866456569149914, 19.201343313179436, 20.726523657299456, 37.75700089837178, 36.89590327344147, 38.43722178988979, 0.0, 36.89590327344147, 38.43722178988979, 0.0, 2.4514867735130896, 30.75218868946922, 18.858645070253885, 19.635725871280897, 19.866456569149914, 19.201343313179436], [22.31551351713609, 20.030915334640422, 38.89824569665574, 37.76079434051444, 39.42570032571012, 2.4514867735130896, 37.76079434051444, 39.42570032571012, 2.4514867735130896, 0.0, 31.47410845045531, 17.916625222677776, 19.11462261874863, 19.220434194525424, 18.70411721419565, 20.030915334640422, 38.89824569665574, 37.76079434051444, 39.42570032571012, 2.4514867735130896, 37.76079434051444, 39.42570032571012, 2.4514867735130896, 0.0, 31.47410845045531, 17.916625222677776, 19.11462261874863, 19.220434194525424, 18.70411721419565, 20.030915334640422, 38.89824569665574, 37.76079434051444, 39.42570032571012, 2.4514867735130896, 37.76079434051444, 39.42570032571012, 2.4514867735130896, 0.0, 31.47410845045531, 17.916625222677776, 19.11462261874863, 19.220434194525424, 18.70411721419565, 20.030915334640422, 38.89824569665574, 37.76079434051444, 39.42570032571012, 2.4514867735130896, 37.76079434051444, 39.42570032571012, 2.4514867735130896, 0.0, 31.47410845045531, 17.916625222677776, 19.11462261874863, 19.220434194525424, 18.70411721419565], [16.809016500823596, 18.09641375215854, 9.64026012743818, 6.563973276798779, 8.8035663220967, 30.75218868946922, 6.563973276798779, 8.8035663220967, 30.75218868946922, 31.47410845045531, 0.0, 20.651369701374662, 17.12787048940103, 17.9873206039314, 17.157879183626765, 18.09641375215854, 9.64026012743818, 6.563973276798779, 8.8035663220967, 30.75218868946922, 6.563973276798779, 8.8035663220967, 30.75218868946922, 31.47410845045531, 0.0, 20.651369701374662, 17.12787048940103, 17.9873206039314, 17.157879183626765, 18.09641375215854, 9.64026012743818, 6.563973276798779, 8.8035663220967, 30.75218868946922, 6.563973276798779, 8.8035663220967, 30.75218868946922, 31.47410845045531, 0.0, 20.651369701374662, 17.12787048940103, 17.9873206039314, 17.157879183626765, 18.09641375215854, 9.64026012743818, 6.563973276798779, 8.8035663220967, 30.75218868946922, 6.563973276798779, 8.8035663220967, 30.75218868946922, 31.47410845045531, 0.0, 20.651369701374662, 17.12787048940103, 17.9873206039314, 17.157879183626765], [5.1092194906996085, 2.8704388931554834, 30.137423621065302